0	 516096
1	 1
2	 2793468
3	 3006459
4	 90118
5	 2318343
6	 90120
7	 90122
8	 548875
9	 737293
10	 2056207
11	 90130
12	 1753107
13	 974868
14	 1155093
15	 2187286
16	 90135
17	 90137
18	 1196062
19	 1720350
20	 2670624
21	 1237025
22	 2105389
23	 90159
24	 2596913
25	 1753140
26	 1007669
27	 1695803
28	 1237052
29	 1335357
30	 1212478
31	 90175
32	 1187902
33	 1949755
34	 1671234
35	 1859651
36	 90180
37	 90174
38	 90177
39	 1859658
40	 1359947
41	 1261644
42	 852044
43	 90188
44	 90192
45	 1507410
46	 1040467
47	 90198
48	 1859671
49	 2711640
50	 1572953
51	 90205
52	 950367
53	 90211
54	 1638503
55	 1392744
56	 1146985
57	 1073258
58	 90219
59	 2031726
60	 90224
61	 999538
62	 1245299
63	 680054
64	 1458295
65	 90232
66	 90236
67	 1319039
68	 90245
69	 991369
70	 1753227
71	 90252
72	 90253
73	 1425551
74	 1089680
75	 1425557
76	 1056918
77	 1171606
78	 1613973
79	 90262
80	 90266
81	 704667
82	 1204378
83	 1900699
84	 1220766
85	 2367640
86	 90268
87	 1679522
88	 2048162
89	 1138854
90	 221351
91	 90280
92	 90281
93	 1777831
94	 2261162
95	 2130094
96	 491696
97	 737458
98	 1982643
99	 557234
100	 2179253
101	 1499318
102	 90295
103	 1671353
104	 1278142
105	 745674
106	 90315
107	 90316
108	 1654991
109	 90320
110	 884946
111	 1138901
112	 2212053
113	 90329
114	 360669
115	 1802466
116	 590054
117	 1851624
118	 1843433
119	 458986
120	 90346
121	 2081002
122	 2105579
123	 590062
124	 2826473
125	 90352
126	 2130161
127	 1655027
128	 188663
129	 90361
130	 2556153
131	 917755
132	 295165
133	 1327363
134	 90372
135	 90374
136	 2826504
137	 2236681
138	 2818313
139	 90380
140	 1458445
141	 2203918
142	 90385
143	 2294033
144	 2539795
145	 90398
146	 2040094
147	 524580
148	 2228518
149	 1851687
150	 1229098
151	 2761003
152	 90412
153	 1229107
154	 1007923
155	 2924854
156	 90427
157	 1433918
158	 835904
159	 90435
160	 2875718
161	 1335624
162	 90440
163	 1737032
164	 1605962
165	 1892680
166	 835918
167	 90448
168	 1843537
169	 1679698
170	 90451
171	 1081683
172	 1204572
173	 1237350
174	 90470
175	 1827174
176	 1139049
177	 1589609
178	 991595
179	 2105704
180	 2154860
181	 90480
182	 2031985
183	 1204594
184	 2113908
185	 1368438
186	 90491
187	 917883
188	 1843583
189	 90496
190	 90497
191	 549250
192	 2982272
193	 2154885
194	 90503
195	 90507
196	 90508
197	 90510
198	 2728336
199	 2359697
200	 1606034
201	 2490769
202	 2720145
203	 90517
204	 2793872
205	 90519
206	 90521
207	 90525
208	 90526
209	 90532
210	 197034
211	 90539
212	 90542
213	 1163715
214	 926148
215	 1327558
216	 90567
217	 852427
218	 90572
219	 1712587
220	 90575
221	 278998
222	 90583
223	 1655258
224	 90588
225	 90589
226	 90590
227	 90594
228	 1335778
229	 1335780
230	 90597
231	 131558
232	 2064873
233	 1778154
234	 2269675
235	 2474474
236	 1868270
237	 90607
238	 2261492
239	 90612
240	 115190
241	 2818551
242	 90616
243	 90618
244	 1180155
245	 90620
246	 2040316
247	 1016320
248	 2097664
249	 2269699
250	 90628
251	 2351621
252	 1393159
253	 1999367
254	 2310665
255	 549387
256	 1327627
257	 1327629
258	 1991181
259	 2499086
260	 1688083
261	 188948
262	 770582
263	 90647
264	 2302487
265	 1245724
266	 1933853
267	 90656
268	 2335269
269	 90664
270	 2040360
271	 1810987
272	 1270318
273	 1139247
274	 1139250
275	 1499698
276	 2064947
277	 1327670
278	 1073725
279	 1524288
280	 2040385
281	 1524293
282	 2368072
283	 1679948
284	 2802254
285	 852559
286	 90706
287	 1786450
288	 2081371
289	 2171484
290	 1565280
291	 1720929
292	 1598050
293	 2040419
294	 90721
295	 1245801
296	 2998894
297	 1335920
298	 90738
299	 295540
300	 2474612
301	 90752
302	 762502
303	 90759
304	 1606281
305	 1344138
306	 1720971
307	 606860
308	 90762
309	 90766
310	 2015881
311	 90768
312	 90769
313	 2212492
314	 2335371
315	 2892433
316	 1630870
317	 90775
318	 2114199
319	 844442
320	 90779
321	 1368734
322	 1016485
323	 90791
324	 1508007
325	 1106601
326	 1999530
327	 90794
328	 1114799
329	 2286255
330	 90802
331	 1073843
332	 1131186
333	 90807
334	 1950396
335	 1319621
336	 1327819
337	 901836
338	 1786575
339	 90832
340	 967382
341	 819926
342	 1327832
343	 1647321
344	 1524444
345	 90846
346	 1245920
347	 860900
348	 90852
349	 1565416
350	 2908905
351	 787180
352	 2720492
353	 1385200
354	 90865
355	 1139442
356	 1393397
357	 1827573
358	 90870
359	 852729
360	 1409785
361	 1499899
362	 90877
363	 402175
364	 90884
365	 1540868
366	 90888
367	 1622793
368	 1573642
369	 90898
370	 2876180
371	 90902
372	 1573655
373	 90906
374	 1401628
375	 1155870
376	 90910
377	 860960
378	 1434404
379	 1729317
380	 2081576
381	 90920
382	 1712939
383	 90924
384	 1229613
385	 615215
386	 90927
387	 90929
388	 2728752
389	 2204467
390	 1835829
391	 1753911
392	 2245435
393	 90950
394	 90951
395	 90952
396	 90954
397	 844622
398	 2048846
399	 394064
400	 2540370
401	 1835861
402	 90966
403	 90968
404	 90972
405	 90976
406	 2171745
407	 1696613
408	 1745768
409	 1180525
410	 1467246
411	 1819504
412	 90995
413	 90996
414	 1344372
415	 91000
416	 91001
417	 2581370
418	 1385339
419	 1221500
420	 1385346
421	 1155972
422	 1311639
423	 1409943
424	 189338
425	 91035
426	 1713051
427	 91037
428	 2171803
429	 91039
430	 525218
431	 2171811
432	 1598373
433	 91046
434	 2843557
435	 91049
436	 2081711
437	 91056
438	 1344433
439	 91065
440	 1622970
441	 1467324
442	 1262527
443	 115649
444	 1909700
445	 91078
446	 828362
447	 861130
448	 91084
449	 1713099
450	 205772
451	 1344463
452	 91085
453	 91091
454	 1713110
455	 91094
456	 1541080
457	 2859990
458	 1450970
459	 2180061
460	 2597856
461	 91105
462	 943073
463	 1762275
464	 2982880
465	 246757
466	 1262566
467	 1311717
468	 1549286
469	 181226
470	 861163
471	 852976
472	 1557497
473	 2171898
474	 3007483
475	 2352125
476	 91135
477	 1319937
478	 91137
479	 91139
480	 861187
481	 1885187
482	 1565703
483	 1311752
484	 1442825
485	 246791
486	 992271
487	 91153
488	 1680403
489	 91158
490	 1328155
491	 1442844
492	 91165
493	 91168
494	 1942564
495	 2278436
496	 1467430
497	 99368
498	 2212904
499	 1328172
500	 1983533
501	 246832
502	 91187
503	 91188
504	 1934394
505	 615483
506	 2761792
507	 2303042
508	 1721411
509	 91207
510	 91209
511	 2171980
512	 2352204
513	 91217
514	 1942612
515	 771157
516	 738390
517	 2049110
518	 91220
519	 2794580
520	 1631323
521	 1705052
522	 91229
523	 1631325
524	 2376795
525	 1721440
526	 156768
527	 1877090
528	 1746015
529	 91236
530	 91237
531	 1328230
532	 1713252
533	 443495
534	 91240
535	 2712676
536	 91248
537	 2229360
538	 91252
539	 1516661
540	 1721465
541	 869498
542	 91258
543	 2131071
544	 672897
545	 91266
546	 91272
547	 91273
548	 91275
549	 1721485
550	 91281
551	 91284
552	 2581653
553	 1172630
554	 91293
555	 91300
556	 91301
557	 1262759
558	 1729704
559	 91305
560	 1803434
561	 328875
562	 91308
563	 91309
564	 1057967
565	 1320111
566	 115889
567	 91314
568	 91315
569	 91316
570	 91317
571	 1647800
572	 91323
573	 1590460
574	 2311361
575	 2335937
576	 91331
577	 1623235
578	 91333
579	 91334
580	 1565893
581	 91336
582	 1918153
583	 107721
584	 2049224
585	 2122956
586	 91341
587	 1451214
588	 1901775
589	 1180880
590	 91347
591	 1205459
592	 1049815
593	 1058010
594	 91355
595	 1320165
596	 91367
597	 1631464
598	 91372
599	 894191
600	 91379
601	 91380
602	 853240
603	 91384
604	 1197307
605	 1049852
606	 1615107
607	 2499844
608	 1918217
609	 91406
610	 91411
611	 2270484
612	 2098456
613	 894233
614	 2827545
615	 91421
616	 1230113
617	 1893665
618	 2663722
619	 1328428
620	 230716
621	 2663744
622	 1467713
623	 2753858
624	 91463
625	 91467
626	 2549068
627	 2032979
628	 91475
629	 91478
630	 1320284
631	 91485
632	 1066334
633	 91487
634	 1819997
635	 1967452
636	 2844001
637	 828771
638	 279911
639	 91499
640	 91503
641	 1361269
642	 1426806
643	 91513
644	 2516347
645	 91516
646	 91519
647	 394625
648	 91524
649	 91526
650	 91531
651	 1623435
652	 2565515
653	 91534
654	 2483598
655	 2368914
656	 91543
657	 91545
658	 91547
659	 2663839
660	 91561
661	 1746350
662	 1885616
663	 1754549
664	 763318
665	 1361335
666	 91580
667	 91582
668	 1828290
669	 2221508
670	 615877
671	 91589
672	 91595
673	 1041870
674	 91599
675	 91601
676	 91608
677	 91609
678	 91611
679	 91616
680	 91618
681	 91620
682	 91623
683	 91624
684	 402923
685	 91630
686	 1697263
687	 91633
688	 2049522
689	 2180596
690	 1762806
691	 91640
692	 91641
693	 1197562
694	 943611
695	 1885691
696	 1353213
697	 2369017
698	 1058305
699	 1975810
700	 1132045
701	 1754637
702	 1230352
703	 91666
704	 2778645
705	 2565654
706	 2082327
707	 91672
708	 2991640
709	 2098715
710	 91676
711	 1312283
712	 2385437
713	 91679
714	 2172447
715	 91682
716	 91688
717	 91689
718	 1648171
719	 1050157
720	 1254962
721	 1738291
722	 1058356
723	 1812020
724	 280122
725	 1508922
726	 1902138
727	 2598459
728	 2041410
729	 1549897
730	 1427019
731	 91724
732	 1484365
733	 2868811
734	 1828435
735	 91732
736	 91739
737	 91740
738	 1721949
739	 91742
740	 312923
741	 1377889
742	 91746
743	 1893988
744	 124516
745	 2303588
746	 91751
747	 1828458
748	 755307
749	 91759
750	 1058418
751	 2778742
752	 231035
753	 91772
754	 2467457
755	 1681028
756	 2098822
757	 91783
758	 1984136
759	 1255049
760	 91786
761	 2778760
762	 910989
763	 2385549
764	 2795154
765	 91803
766	 263839
767	 2025120
768	 2811559
769	 91818
770	 861869
771	 91825
772	 1918642
773	 91827
774	 1951413
775	 2500278
776	 1337020
777	 1500861
778	 91838
779	 91839
780	 91841
781	 820931
782	 1959619
783	 1197766
784	 2811591
785	 91852
786	 1861328
787	 91858
788	 91862
789	 91863
790	 2754264
791	 91866
792	 304858
793	 2197211
794	 91869
795	 1165028
796	 1722086
797	 2033382
798	 91883
799	 91886
800	 1263343
801	 1517298
802	 91892
803	 91897
804	 91903
805	 1427212
806	 1140493
807	 91918
808	 1517324
809	 91919
810	 91923
811	 91924
812	 2197269
813	 2467605
814	 575275
815	 91948
816	 1623853
817	 1976110
818	 837428
819	 1271606
820	 1394486
821	 1771323
822	 2311996
823	 1640253
824	 1042240
825	 91971
826	 91973
827	 91976
828	 1271625
829	 91979
830	 1836876
831	 1722187
832	 108366
833	 91982
834	 2139983
835	 91985
836	 2467661
837	 1140567
838	 1296215
839	 1255258
840	 91995
841	 526172
842	 2213725
843	 1361760
844	 468833
845	 1689450
846	 92011
847	 92012
848	 92014
849	 92017
850	 1664882
851	 812917
852	 1976181
853	 92024
854	 92027
855	 92033
856	 92034
857	 2295685
858	 92040
859	 305033
860	 1894281
861	 894860
862	 2221968
863	 92049
864	 92051
865	 2082708
866	 92054
867	 92057
868	 92058
869	 477086
870	 1107872
871	 1255340
872	 92078
873	 2910127
874	 1288113
875	 92082
876	 92081
877	 92084
878	 886706
879	 1279930
880	 1501114
881	 92091
882	 2140093
883	 288702
884	 92095
885	 1107904
886	 1845183
887	 1959876
888	 337861
889	 2058182
890	 92104
891	 92105
892	 550858
893	 92107
894	 2402253
895	 1427407
896	 1525711
897	 92113
898	 1558481
899	 108498
900	 1886162
901	 2607063
902	 92122
903	 1746908
904	 92126
905	 1583071
906	 92132
907	 2861030
908	 215017
909	 92138
910	 1337324
911	 92144
912	 1386481
913	 2639859
914	 92151
915	 1099768
916	 92152
917	 288762
918	 575484
919	 92158
920	 92162
921	 92163
922	 1067011
923	 1583107
924	 1452038
925	 329737
926	 1935370
927	 92174
928	 2729998
929	 1935379
930	 1386516
931	 92180
932	 92186
933	 1353762
934	 92201
935	 92203
936	 1050668
937	 92207
938	 542767
939	 2877491
940	 92213
941	 1746997
942	 1206329
943	 1435706
944	 1886267
945	 2000953
946	 1878077
947	 2410555
948	 223297
949	 1280068
950	 92229
951	 92234
952	 1550412
953	 92237
954	 92238
955	 92242
956	 2877523
957	 2132053
958	 92247
959	 92249
960	 92252
961	 1108061
962	 92253
963	 92255
964	 256096
965	 92257
966	 92256
967	 2361436
968	 92260
969	 1370212
970	 2263149
971	 92273
972	 2779249
973	 92275
974	 1820789
975	 92283
976	 92285
977	 2123902
978	 92288
979	 1067139
980	 92291
981	 92295
982	 92297
983	 2132105
984	 641165
985	 862350
986	 592021
987	 2402453
988	 92311
989	 2762902
990	 92313
991	 2754713
992	 92317
993	 469152
994	 1116325
995	 2893992
996	 92329
997	 92337
998	 182450
999	 92338
1000	 1394868
1001	 92344
1002	 92346
1003	 2869436
1004	 1067197
1005	 1394878
1006	 92353
1007	 2238659
1008	 92356
1009	 92359
1010	 2312391
1011	 870601
1012	 92363
1013	 92371
1014	 92373
1015	 92374
1016	 1386711
1017	 2222293
1018	 944351
1019	 1140961
1020	 1779937
1021	 1525987
1022	 1960161
1023	 2025699
1024	 1689830
1025	 2525417
1026	 1460458
1027	 2885866
1028	 1640685
1029	 805102
1030	 92399
1031	 2107629
1032	 92403
1033	 1157364
1034	 92405
1035	 1222899
1036	 1845491
1037	 2140404
1038	 1706233
1039	 182525
1040	 100607
1041	 2017536
1042	 92417
1043	 2590979
1044	 559365
1045	 1845509
1046	 92422
1047	 2402565
1048	 92425
1049	 1878281
1050	 1386763
1051	 1067275
1052	 92427
1053	 1984777
1054	 1296663
1055	 2410776
1056	 1567002
1057	 1386780
1058	 2189597
1059	 2418973
1060	 1665311
1061	 92450
1062	 92454
1063	 92457
1064	 2050346
1065	 1124653
1066	 1403184
1067	 2132277
1068	 92470
1069	 1403190
1070	 92472
1071	 92473
1072	 92474
1073	 551227
1074	 1509687
1075	 1427767
1076	 2672962
1077	 1919301
1078	 362824
1079	 92491
1080	 92494
1081	 797006
1082	 92503
1083	 92505
1084	 92507
1085	 92508
1086	 92509
1087	 2541915
1088	 870752
1089	 92513
1090	 92515
1091	 1452387
1092	 92517
1093	 174438
1094	 92518
1095	 1452392
1096	 92521
1097	 1386858
1098	 1755498
1099	 1706348
1100	 92525
1101	 1214832
1102	 92530
1103	 985460
1104	 2140540
1105	 2787710
1106	 92545
1107	 1255810
1108	 92555
1109	 92558
1110	 92559
1111	 1681807
1112	 1829264
1113	 92562
1114	 92563
1115	 1182097
1116	 92576
1117	 1616290
1118	 92578
1119	 92583
1120	 1829288
1121	 1747372
1122	 985518
1123	 625072
1124	 92597
1125	 92598
1126	 92608
1127	 92609
1128	 2214340
1129	 772549
1130	 92614
1131	 2582983
1132	 92618
1133	 2451918
1134	 92628
1135	 1255892
1136	 895447
1137	 92631
1138	 92635
1139	 1141215
1140	 1657313
1141	 1542626
1142	 1206753
1143	 92646
1144	 567784
1145	 1386989
1146	 92654
1147	 1706478
1148	 92658
1149	 1395186
1150	 1681906
1151	 92661
1152	 1862134
1153	 1665527
1154	 1550840
1155	 92663
1156	 2017785
1157	 92667
1158	 92669
1159	 2681344
1160	 92674
1161	 1722882
1162	 1444356
1163	 2927107
1164	 92678
1165	 1944071
1166	 92679
1167	 92684
1168	 92691
1169	 363029
1170	 92696
1171	 2894362
1172	 993819
1173	 1329698
1174	 92713
1175	 92715
1176	 92716
1177	 92718
1178	 2148912
1179	 1665586
1180	 1714739
1181	 92724
1182	 92725
1183	 92722
1184	 854583
1185	 92728
1186	 92730
1187	 1354302
1188	 92736
1189	 92740
1190	 92742
1191	 363079
1192	 92747
1193	 1247819
1194	 1116749
1195	 92754
1196	 1133140
1197	 1985108
1198	 2951768
1199	 2026075
1200	 1370716
1201	 92765
1202	 92766
1203	 1518176
1204	 1403489
1205	 92770
1206	 1837672
1207	 92779
1208	 92786
1209	 92787
1210	 92791
1211	 1247864
1212	 92798
1213	 2853502
1214	 92800
1215	 2034305
1216	 92802
1217	 764547
1218	 92804
1219	 1854085
1220	 92806
1221	 576135
1222	 2116232
1223	 1575561
1224	 1075851
1225	 92812
1226	 92814
1227	 2140814
1228	 92818
1229	 2935443
1230	 92820
1231	 1723031
1232	 1403546
1233	 92826
1234	 2247327
1235	 92834
1236	 2255531
1237	 1370799
1238	 92851
1239	 92852
1240	 1452725
1241	 1649336
1242	 92857
1243	 1551033
1244	 174779
1245	 92860
1246	 92861
1247	 92858
1248	 2755257
1249	 1100482
1250	 1419973
1251	 92869
1252	 1960646
1253	 92875
1254	 1575629
1255	 363216
1256	 92891
1257	 92897
1258	 92903
1259	 1370861
1260	 92909
1261	 92911
1262	 1895149
1263	 1321711
1264	 92914
1265	 2255602
1266	 92917
1267	 1420022
1268	 1575673
1269	 1116922
1270	 1731330
1271	 92932
1272	 944904
1273	 92936
1274	 1837833
1275	 1846027
1276	 1616653
1277	 1444622
1278	 92945
1279	 502545
1280	 1731349
1281	 2099994
1282	 92955
1283	 1297181
1284	 92958
1285	 92960
1286	 502560
1287	 969506
1288	 2394915
1289	 92969
1290	 92973
1291	 2878260
1292	 2714421
1293	 92988
1294	 756541
1295	 1116990
1296	 977727
1297	 92991
1298	 854846
1299	 633664
1300	 92999
1301	 887628
1302	 2665293
1303	 1362767
1304	 93011
1305	 1755989
1306	 2255701
1307	 1141610
1308	 1403754
1309	 1780586
1310	 93037
1311	 437103
1312	 93040
1313	 1682289
1314	 93042
1315	 1837950
1316	 93054
1317	 1108864
1318	 93057
1319	 1543043
1320	 740228
1321	 93059
1322	 2550659
1323	 2624389
1324	 93067
1325	 1780620
1326	 93072
1327	 969627
1328	 764833
1329	 2141093
1330	 1346471
1331	 707496
1332	 1190828
1333	 1813421
1334	 1911730
1335	 1493942
1336	 1469367
1337	 2010043
1338	 887741
1339	 2313150
1340	 1764288
1341	 2100172
1342	 2558926
1343	 1297360
1344	 2821072
1345	 2788308
1346	 232409
1347	 1633241
1348	 125916
1349	 1264609
1350	 2280417
1351	 2010083
1352	 1321980
1353	 347140
1354	 2075653
1355	 1264647
1356	 2280455
1357	 1362974
1358	 1428533
1359	 2255925
1360	 2690104
1361	 2108474
1362	 2034747
1363	 1518657
1364	 2534472
1365	 1207388
1366	 2411612
1367	 2813024
1368	 478310
1369	 863338
1370	 1789034
1371	 2862190
1372	 1387636
1373	 1010808
1374	 1698942
1375	 486528
1376	 1404033
1377	 1494146
1378	 1264775
1379	 1920136
1380	 1453205
1381	 306326
1382	 1412249
1383	 847004
1384	 2657443
1385	 928932
1386	 724133
1387	 126123
1388	 1723575
1389	 2157752
1390	 1739961
1391	 1346746
1392	 1649860
1393	 183493
1394	 2895048
1395	 855241
1396	 2804942
1397	 2378967
1398	 1551579
1399	 1207519
1400	 1510624
1401	 2231526
1402	 1699051
1403	 838899
1404	 855286
1405	 2532548
1406	 2313468
1407	 126210
1408	 1109253
1409	 1928453
1410	 1551623
1411	 2534665
1412	 2551049
1413	 2100494
1414	 1797396
1415	 2649366
1416	 1551639
1417	 773406
1418	 1183008
1419	 2223392
1420	 453924
1421	 1871144
1422	 1174834
1423	 1903926
1424	 1518917
1425	 1150283
1426	 298319
1427	 2207055
1428	 830810
1429	 593246
1430	 765283
1431	 257381
1432	 863589
1433	 298343
1434	 413031
1435	 920937
1436	 1731957
1437	 2166134
1438	 1314168
1439	 658814
1440	 945535
1441	 2141568
1442	 1617285
1443	 1314182
1444	 2510214
1445	 1838472
1446	 585097
1447	 1928589
1448	 830862
1449	 1125776
1450	 1650065
1451	 1502610
1452	 1633681
1453	 970132
1454	 1617304
1455	 1338777
1456	 1125786
1457	 1953178
1458	 1396127
1459	 961951
1460	 2166175
1461	 1961378
1462	 2657703
1463	 1936819
1464	 1666487
1465	 1732030
1466	 1904066
1467	 1945027
1468	 1502664
1469	 2190795
1470	 2117089
1471	 1707490
1472	 2149857
1473	 1355237
1474	 2493927
1475	 1297898
1476	 1297899
1477	 2403828
1478	 2592244
1479	 2223623
1480	 2534926
1481	 396815
1482	 642582
1483	 1904151
1484	 93729
1485	 1797666
1486	 2199075
1487	 1707557
1488	 863785
1489	 781871
1490	 1371702
1491	 1535548
1492	 585277
1493	 2199102
1494	 126529
1495	 855625
1496	 1175117
1497	 2559568
1498	 1338964
1499	 405079
1500	 1429079
1501	 847447
1502	 1683033
1503	 2772572
1504	 2412130
1505	 527974
1506	 1740391
1507	 2453100
1508	 167534
1509	 1257070
1510	 421498
1511	 2363005
1512	 192126
1513	 1560190
1514	 2166399
1515	 2330239
1516	 1379974
1517	 1822348
1518	 1339021
1519	 601741
1520	 2043537
1521	 1896086
1522	 863895
1523	 1150618
1524	 1535643
1525	 2174619
1526	 2100894
1527	 1904289
1528	 1920675
1529	 1822372
1530	 2133667
1531	 2141863
1532	 2674349
1533	 1724083
1534	 1339071
1535	 1732289
1536	 2379460
1537	 1502917
1538	 2150086
1539	 1093328
1540	 1994457
1541	 1502957
1542	 1978095
1543	 1396466
1544	 2952947
1545	 2207476
1546	 1879801
1547	 413436
1548	 159486
1549	 1003263
1550	 1519359
1551	 93953
1552	 2518785
1553	 2879236
1554	 1257221
1555	 1257223
1556	 1601292
1557	 2158350
1558	 1371920
1559	 1339155
1560	 855830
1561	 1830681
1562	 1339162
1563	 2027289
1564	 2330393
1565	 1683231
1566	 1978149
1567	 1462055
1568	 1756967
1569	 1355561
1570	 2035495
1571	 347949
1572	 2551601
1573	 1339190
1574	 1412925
1575	 864063
1576	 2182981
1577	 692039
1578	 2166600
1579	 85837
1580	 1199952
1581	 462679
1582	 1994585
1583	 765787
1584	 298843
1585	 85854
1586	 2232159
1587	 85857
1588	 1052514
1589	 2043750
1590	 855911
1591	 2887528
1592	 85867
1593	 2248556
1594	 85869
1595	 2674540
1596	 85871
1597	 446320
1598	 85873
1599	 585585
1600	 2002805
1601	 85881
1602	 1486721
1603	 2412418
1604	 2199431
1605	 2576265
1606	 1552266
1607	 1314701
1608	 864144
1609	 85909
1610	 2568085
1611	 1191834
1612	 1396635
1613	 2445212
1614	 1191837
1615	 1896354
1616	 831395
1617	 602022
1618	 1208230
1619	 85928
1620	 815017
1621	 85931
1622	 2002861
1623	 1666991
1624	 85939
1625	 85941
1626	 85948
1627	 2854851
1628	 85962
1629	 85963
1630	 1691597
1631	 85966
1632	 1142735
1633	 85972
1634	 2748374
1635	 85975
1636	 85987
1637	 2240485
1638	 2101224
1639	 1503212
1640	 86001
1641	 1454066
1642	 839668
1643	 2035700
1644	 2650100
1645	 2101239
1646	 2928632
1647	 143354
1648	 1462277
1649	 847877
1650	 86033
1651	 86036
1652	 2052118
1653	 1552408
1654	 1069085
1655	 1683486
1656	 86047
1657	 86051
1658	 2928677
1659	 86057
1660	 2732076
1661	 2289713
1662	 380980
1663	 2273332
1664	 2027575
1665	 831552
1666	 86083
1667	 86088
1668	 1798217
1669	 86090
1670	 667725
1671	 2224205
1672	 2101327
1673	 2084944
1674	 1208404
1675	 1871957
1676	 1208411
1677	 2682972
1678	 1249373
1679	 1339486
1680	 1454177
1681	 1372258
1682	 1863782
1683	 1208423
1684	 86126
1685	 1339504
1686	 1314930
1687	 2814066
1688	 1388665
1689	 1339518
1690	 2584705
1691	 1192068
1692	 1339529
1693	 2699402
1694	 1134732
1695	 1208461
1696	 348304
1697	 86160
1698	 1470610
1699	 192661
1700	 1052821
1701	 1544343
1702	 913564
1703	 1421468
1704	 1552541
1705	 1831069
1706	 86176
1707	 2093212
1708	 2658466
1709	 1437862
1710	 94381
1711	 839860
1712	 94389
1713	 86199
1714	 2101433
1715	 1634493
1716	 2420925
1717	 1831104
1718	 1462467
1719	 1822916
1720	 184518
1721	 610504
1722	 2011336
1723	 86218
1724	 86219
1725	 1462474
1726	 889036
1727	 1355982
1728	 86224
1729	 2101456
1730	 1372371
1731	 1356001
1732	 86251
1733	 1339627
1734	 2674925
1735	 86254
1736	 2101486
1737	 1994994
1738	 1282291
1739	 2035955
1740	 2568436
1741	 725240
1742	 86272
1743	 1282304
1744	 1831170
1745	 1339654
1746	 86289
1747	 299282
1748	 2044180
1749	 2773272
1750	 1241372
1751	 1405221
1752	 1356070
1753	 1225002
1754	 86314
1755	 1863980
1756	 2986285
1757	 86318
1758	 1356085
1759	 1339704
1760	 86334
1761	 160066
1762	 86339
1763	 86340
1764	 86345
1765	 397643
1766	 1216849
1767	 954709
1768	 86361
1769	 962906
1770	 1028442
1771	 2429279
1772	 1167712
1773	 1552736
1774	 86374
1775	 2150758
1776	 1823080
1777	 86377
1778	 1233254
1779	 2380150
1780	 1364347
1781	 266620
1782	 86398
1783	 1831295
1784	 1888639
1785	 1692033
1786	 2675072
1787	 1872258
1788	 86406
1789	 86407
1790	 1249672
1791	 2994568
1792	 1339789
1793	 2363789
1794	 86415
1795	 2175380
1796	 86422
1797	 1372566
1798	 86424
1799	 1814935
1800	 86426
1801	 856472
1802	 2429339
1803	 2601374
1804	 1986976
1805	 1749414
1806	 86445
1807	 86446
1808	 2224558
1809	 2224563
1810	 86452
1811	 86453
1812	 905660
1813	 86461
1814	 2421182
1815	 1167811
1816	 1388996
1817	 864707
1818	 2224580
1819	 1872329
1820	 1339850
1821	 86475
1822	 1593803
1823	 2167247
1824	 86483
1825	 86488
1826	 1397209
1827	 86493
1828	 2101725
1829	 1282527
1830	 2208221
1831	 1888741
1832	 86502
1833	 86505
1834	 2216430
1835	 2036207
1836	 2249201
1837	 1143282
1838	 659962
1839	 86524
1840	 86535
1841	 2183687
1842	 1987080
1843	 2069002
1844	 86539
1845	 1634827
1846	 2298381
1847	 86542
1848	 1438223
1849	 86546
1850	 86548
1851	 86550
1852	 2036247
1853	 2232861
1854	 86561
1855	 2052642
1856	 86563
1857	 2175524
1858	 2355748
1859	 86565
1860	 2658859
1861	 1258028
1862	 2224690
1863	 651829
1864	 2044469
1865	 2175543
1866	 2036282
1867	 1151548
1868	 86591
1869	 1774143
1870	 86592
1871	 2953792
1872	 1774147
1873	 1962564
1874	 1462853
1875	 2470469
1876	 2224713
1877	 864844
1878	 86613
1879	 86614
1880	 1978969
1881	 2241114
1882	 1938011
1883	 1077854
1884	 1831519
1885	 1528416
1886	 86625
1887	 2552416
1888	 2675302
1889	 1552999
1890	 1782376
1891	 1167977
1892	 1356393
1893	 86633
1894	 2830955
1895	 2355822
1896	 1561199
1897	 1970802
1898	 2577010
1899	 86647
1900	 602744
1901	 1340023
1902	 1684088
1903	 86652
1904	 1380990
1905	 889470
1906	 86659
1907	 2044547
1908	 1127046
1909	 86670
1910	 1897102
1911	 717456
1912	 86673
1913	 1725072
1914	 86676
1915	 86677
1916	 1929876
1917	 1389207
1918	 2101909
1919	 1266330
1920	 1381018
1921	 799388
1922	 1618586
1923	 86687
1924	 684704
1925	 348835
1926	 1110692
1927	 1790628
1928	 86697
1929	 594602
1930	 2282156
1931	 1340077
1932	 86702
1933	 1077941
1934	 1274549
1935	 2110141
1936	 86718
1937	 1381058
1938	 1888963
1939	 1356485
1940	 86729
1941	 1561292
1942	 86732
1943	 2601678
1944	 2781904
1945	 2208465
1946	 86740
1947	 2593495
1948	 1577688
1949	 86745
1950	 1389275
1951	 930524
1952	 86748
1953	 1864411
1954	 86753
1955	 1479394
1956	 2511587
1957	 86757
1958	 930537
1959	 2233065
1960	 86764
1961	 447221
1962	 86775
1963	 373498
1964	 725754
1965	 86780
1966	 2495231
1967	 1553155
1968	 86793
1969	 2241291
1970	 86798
1971	 1389330
1972	 2781984
1973	 504613
1974	 1430310
1975	 1282856
1976	 86825
1977	 1438513
1978	 1798967
1979	 86845
1980	 86855
1981	 86857
1982	 86858
1983	 2208587
1984	 2036558
1985	 889689
1986	 1315677
1987	 1487711
1988	 2110309
1989	 86895
1990	 86898
1991	 86899
1992	 1184631
1993	 86906
1994	 1766267
1995	 1823617
1996	 2700161
1997	 1528707
1998	 2708353
1999	 586632
2000	 2175880
2001	 1725322
2002	 1749902
2003	 86927
2004	 86928
2005	 2839439
2006	 1774483
2007	 1102740
2008	 86936
2009	 1430425
2010	 2061209
2011	 2192281
2012	 86940
2013	 2724760
2014	 86946
2015	 86952
2016	 1602472
2017	 1364906
2018	 1921963
2019	 2618280
2020	 275375
2021	 1774511
2022	 1864623
2023	 103347
2024	 2372531
2025	 2053047
2026	 1102779
2027	 1840066
2028	 1659843
2029	 1635268
2030	 1438663
2031	 2700232
2032	 340937
2033	 86985
2034	 1160139
2035	 1323985
2036	 930770
2037	 2388945
2038	 562134
2039	 2724824
2040	 2413529
2041	 87003
2042	 87005
2043	 1725409
2044	 87016
2045	 2175979
2046	 1922028
2047	 87024
2048	 1119218
2049	 472050
2050	 2200567
2051	 87036
2052	 1987581
2053	 87039
2054	 1274879
2055	 185343
2056	 1938431
2057	 2175999
2058	 87040
2059	 1971207
2060	 1897480
2061	 1299466
2062	 1037324
2063	 87052
2064	 1340441
2065	 1561626
2066	 87065
2067	 2774046
2068	 1504288
2069	 1651744
2070	 87077
2071	 87079
2072	 1119272
2073	 1102891
2074	 1102899
2075	 1045561
2076	 87097
2077	 1332287
2078	 87104
2079	 1365057
2080	 87109
2081	 1455175
2082	 87113
2083	 709709
2084	 87118
2085	 87119
2086	 627789
2087	 1635409
2088	 2323535
2089	 2356305
2090	 2749523
2091	 1479766
2092	 1070174
2093	 1250400
2094	 87139
2095	 1455209
2096	 1201262
2097	 554101
2098	 2004085
2099	 3011701
2100	 1176698
2101	 87164
2102	 2700413
2103	 87167
2104	 1119364
2105	 1504389
2106	 1430662
2107	 2159751
2108	 2569348
2109	 160908
2110	 1528975
2111	 488592
2112	 2356367
2113	 1094802
2114	 87189
2115	 1102998
2116	 750742
2117	 1668250
2118	 1856668
2119	 87199
2120	 1504428
2121	 980144
2122	 87218
2123	 87222
2124	 1103031
2125	 87225
2126	 881850
2127	 2356411
2128	 652476
2129	 1676480
2130	 87234
2131	 87235
2132	 2700483
2133	 87239
2134	 1201361
2135	 324825
2136	 1094874
2137	 87259
2138	 472286
2139	 87266
2140	 1184995
2141	 1520866
2142	 87269
2143	 2143462
2144	 2176226
2145	 1938664
2146	 2102505
2147	 2266346
2148	 87275
2149	 87270
2150	 2651364
2151	 2856171
2152	 87279
2153	 996583
2154	 316657
2155	 726263
2156	 87289
2157	 2036985
2158	 87291
2159	 849149
2160	 2856190
2161	 1717504
2162	 87307
2163	 87314
2164	 554263
2165	 1619224
2166	 87322
2167	 87325
2168	 1504545
2169	 87332
2170	 1676582
2171	 87335
2172	 2913574
2173	 87337
2174	 2594089
2175	 2635053
2176	 1733936
2177	 1504561
2178	 2037041
2179	 2331952
2180	 1193269
2181	 1406264
2182	 1389883
2183	 1619261
2184	 87358
2185	 2094397
2186	 1627456
2187	 103744
2188	 1480002
2189	 1701186
2190	 87361
2191	 2176317
2192	 111949
2193	 87376
2194	 1938771
2195	 628052
2196	 2274644
2197	 890198
2198	 87383
2199	 1340761
2200	 1619290
2201	 87388
2202	 87389
2203	 775518
2204	 1840480
2205	 87398
2206	 529767
2207	 87404
2208	 87406
2209	 1348975
2210	 1840496
2211	 1414513
2212	 1758577
2213	 2471279
2214	 2512251
2215	 87420
2216	 87422
2217	 87426
2218	 1521027
2219	 87433
2220	 1193361
2221	 1340817
2222	 1783185
2223	 2028951
2224	 1389980
2225	 87454
2226	 2839966
2227	 1332642
2228	 2110882
2229	 2143652
2230	 2135461
2231	 2323877
2232	 931239
2233	 1947049
2234	 87468
2235	 87469
2236	 87470
2237	 1299887
2238	 480685
2239	 1627566
2240	 2422196
2241	 890293
2242	 1267125
2243	 87490
2244	 87492
2245	 87493
2246	 1496521
2247	 1406410
2248	 87499
2249	 1291724
2250	 87502
2251	 87504
2252	 1095124
2253	 890325
2254	 1299925
2255	 1627615
2256	 87523
2257	 2291171
2258	 996839
2259	 1988071
2260	 1193450
2261	 87537
2262	 2135537
2263	 1398259
2264	 1259003
2265	 87550
2266	 161279
2267	 87552
2268	 87553
2269	 2053630
2270	 1332740
2271	 292357
2272	 2799115
2273	 1095181
2274	 87567
2275	 87570
2276	 87573
2277	 87574
2278	 87577
2279	 95778
2280	 1095208
2281	 1619497
2282	 2266665
2283	 87596
2284	 87597
2285	 1947189
2286	 1857080
2287	 1758782
2288	 1340991
2289	 2340414
2290	 87617
2291	 1136194
2292	 87619
2293	 87620
2294	 87621
2295	 2045510
2296	 2553408
2297	 480840
2298	 87627
2299	 2225740
2300	 1644113
2301	 1693267
2302	 1693268
2303	 1701462
2304	 2299478
2305	 530008
2306	 1660506
2307	 2356827
2308	 2111069
2309	 2913886
2310	 87647
2311	 1586783
2312	 87649
2313	 1349220
2314	 2225766
2315	 1652330
2316	 1087086
2317	 849519
2318	 1586799
2319	 87666
2320	 2389619
2321	 87668
2322	 915060
2323	 210551
2324	 120440
2325	 1341049
2326	 87674
2327	 2004599
2328	 87671
2329	 1939071
2330	 87681
2331	 87684
2332	 87686
2333	 1349256
2334	 841357
2335	 1341071
2336	 300693
2337	 1660566
2338	 87703
2339	 87702
2340	 980635
2341	 972444
2342	 1791645
2343	 87713
2344	 87714
2345	 2356899
2346	 1676964
2347	 1283751
2348	 1652401
2349	 472754
2350	 2348722
2351	 2193077
2352	 2340543
2353	 857795
2354	 2045636
2355	 218824
2356	 87755
2357	 87756
2358	 1668812
2359	 87760
2360	 87761
2361	 1259221
2362	 87766
2363	 2102997
2364	 87768
2365	 87769
2366	 2299605
2367	 1283803
2368	 1332957
2369	 1431261
2370	 2340574
2371	 1521380
2372	 2774756
2373	 923366
2374	 87784
2375	 1808104
2376	 87787
2377	 2864879
2378	 464624
2379	 988913
2380	 2340593
2381	 87799
2382	 2627324
2383	 1373949
2384	 1644290
2385	 1341187
2386	 87812
2387	 2135810
2388	 2184964
2389	 2184974
2390	 2635543
2391	 1586968
2392	 87832
2393	 1259291
2394	 87838
2395	 2733857
2396	 87845
2397	 2275109
2398	 1554216
2399	 87848
2400	 1701675
2401	 87862
2402	 1955639
2403	 87865
2404	 2905915
2405	 87868
2406	 2275134
2407	 1873729
2408	 87874
2409	 792387
2410	 87876
2411	 1611586
2412	 546626
2413	 87875
2414	 1341258
2415	 87883
2416	 87889
2417	 1087316
2418	 87893
2419	 87894
2420	 2987864
2421	 2021213
2422	 87902
2423	 300894
2424	 87901
2425	 87905
2426	 1742694
2427	 2144104
2428	 87916
2429	 87917
2430	 1972076
2431	 1251183
2432	 1341295
2433	 2619254
2434	 87927
2435	 87928
2436	 1243001
2437	 2078584
2438	 1374080
2439	 2037633
2440	 1554307
2441	 1079174
2442	 87944
2443	 1128331
2444	 87955
2445	 2135959
2446	 1259420
2447	 87964
2448	 2414495
2449	 87971
2450	 2037676
2451	 87982
2452	 87983
2453	 1750958
2454	 2127791
2455	 2373551
2456	 87986
2457	 907191
2458	 2422713
2459	 87994
2460	 1259452
2461	 87997
2462	 2406333
2463	 1374143
2464	 88000
2465	 1079231
2466	 2119615
2467	 1587139
2468	 890820
2469	 2144197
2470	 2693053
2471	 88007
2472	 2340810
2473	 88012
2474	 88014
2475	 686043
2476	 1980379
2477	 2652123
2478	 1259488
2479	 1243105
2480	 1316834
2481	 88035
2482	 2029540
2483	 88037
2484	 88040
2485	 88043
2486	 2111468
2487	 2144247
2488	 88056
2489	 88059
2490	 841726
2491	 2865153
2492	 88068
2493	 2144261
2494	 88071
2495	 1177610
2496	 768016
2497	 88080
2498	 88083
2499	 88086
2500	 309272
2501	 88088
2502	 88091
2503	 1554461
2504	 1095712
2505	 88096
2506	 907299
2507	 88105
2508	 88113
2509	 88116
2510	 1931321
2511	 841790
2512	 1603648
2513	 645184
2514	 1185858
2515	 88133
2516	 88135
2517	 1390668
2518	 1759314
2519	 1685588
2520	 653397
2521	 88155
2522	 2005083
2523	 1087584
2524	 1030240
2525	 1112161
2526	 1603689
2527	 1931369
2528	 2242666
2529	 1259630
2530	 96369
2531	 1767540
2532	 88185
2533	 1751164
2534	 1964163
2535	 88196
2536	 2398344
2537	 1439882
2538	 1906826
2539	 88204
2540	 1792141
2541	 2963594
2542	 88207
2543	 1136783
2544	 88209
2545	 88211
2546	 1554582
2547	 555160
2548	 1185953
2549	 2046114
2550	 88231
2551	 1808555
2552	 88238
2553	 88239
2554	 2177201
2555	 88245
2556	 1751222
2557	 1792182
2558	 88246
2559	 1833142
2560	 1095866
2561	 1603774
2562	 88255
2563	 1292483
2564	 112836
2565	 88265
2566	 88272
2567	 1145041
2568	 1341650
2569	 2095315
2570	 2136278
2571	 2095324
2572	 1824989
2573	 88286
2574	 415967
2575	 1284320
2576	 1366241
2577	 817379
2578	 1702115
2579	 1267941
2580	 88293
2581	 88300
2582	 1906929
2583	 1243381
2584	 88312
2585	 162041
2586	 1259770
2587	 88315
2588	 1734906
2589	 2406661
2590	 2078982
2591	 825606
2592	 1792264
2593	 2357510
2594	 88333
2595	 817422
2596	 1259794
2597	 1702162
2598	 88341
2599	 88343
2600	 96538
2601	 88347
2602	 1808668
2603	 1800477
2604	 88351
2605	 1603871
2606	 88353
2607	 1456419
2608	 2038052
2609	 88359
2610	 88360
2611	 88361
2612	 2816298
2613	 88363
2614	 88365
2615	 88367
2616	 1300784
2617	 88370
2618	 88379
2619	 88381
2620	 1587518
2621	 1751359
2622	 899394
2623	 1481027
2624	 301380
2625	 1464644
2626	 2414916
2627	 88392
2628	 1259855
2629	 309586
2630	 88403
2631	 88402
2632	 88405
2633	 2029913
2634	 88416
2635	 964961
2636	 88417
2637	 760163
2638	 88418
2639	 735592
2640	 1751400
2641	 88427
2642	 1210738
2643	 1227126
2644	 88438
2645	 88441
2646	 1677689
2647	 1726844
2648	 465277
2649	 88446
2650	 88447
2651	 88449
2652	 1046914
2653	 88450
2654	 88453
2655	 88457
2656	 88459
2657	 1882507
2658	 113039
2659	 899471
2660	 1350035
2661	 1358229
2662	 88471
2663	 850330
2664	 88474
2665	 1145246
2666	 1186208
2667	 1178017
2668	 2644385
2669	 1800611
2670	 88485
2671	 301486
2672	 2939310
2673	 88496
2674	 88497
2675	 88498
2676	 2767282
2677	 88500
2678	 2120117
2679	 1309113
2680	 2070969
2681	 88508
2682	 1145280
2683	 2701760
2684	 1710530
2685	 1751494
2686	 1325512
2687	 88522
2688	 2136523
2689	 162260
2690	 1219029
2691	 1481176
2692	 88540
2693	 1358300
2694	 1464797
2695	 834015
2696	 1710557
2697	 1260001
2698	 2628072
2699	 2701805
2700	 834031
2701	 88559
2702	 1423856
2703	 1112563
2704	 2873844
2705	 1047029
2706	 2341366
2707	 1825272
2708	 1489400
2709	 88570
2710	 2087422
2711	 2587135
2712	 88576
2713	 88577
2714	 88582
2715	 1227270
2716	 1301007
2717	 1743377
2718	 88594
2719	 825876
2720	 88596
2721	 88601
2722	 1710617
2723	 2226715
2724	 1686042
2725	 88605
2726	 2538013
2727	 2472479
2728	 1350181
2729	 1718821
2730	 2054694
2731	 1268266
2732	 1301035
2733	 2587187
2734	 834100
2735	 1342008
2736	 2964026
2737	 2136635
2738	 1915452
2739	 1677885
2740	 88640
2741	 1530434
2742	 88646
2743	 1333834
2744	 1604170
2745	 88652
2746	 449108
2747	 1727062
2748	 1555031
2749	 88664
2750	 1325658
2751	 817755
2752	 2128480
2753	 88678
2754	 2153069
2755	 1514094
2756	 88687
2757	 1342066
2758	 88694
2759	 850554
2760	 1718906
2761	 1505916
2762	 88700
2763	 2538110
2764	 1751681
2765	 1219202
2766	 88710
2767	 1260168
2768	 1440393
2769	 88714
2770	 2783882
2771	 1792654
2772	 645774
2773	 588434
2774	 1432213
2775	 88727
2776	 858777
2777	 88730
2778	 383648
2779	 1874593
2780	 350882
2781	 1497763
2782	 88740
2783	 1981091
2784	 514729
2785	 2267820
2786	 2366126
2787	 2325168
2788	 2267825
2789	 1440434
2790	 2325172
2791	 88757
2792	 2742966
2793	 2144951
2794	 1678009
2795	 88763
2796	 88764
2797	 88765
2798	 637630
2799	 88768
2800	 88769
2801	 2513601
2802	 1661635
2803	 563908
2804	 1710787
2805	 2071238
2806	 2144963
2807	 1514184
2808	 88777
2809	 719561
2810	 2415307
2811	 2013902
2812	 2824911
2813	 2718418
2814	 88787
2815	 1825493
2816	 88791
2817	 88795
2818	 703197
2819	 2251488
2820	 88805
2821	 2349798
2822	 88807
2823	 604904
2824	 1719015
2825	 2087658
2826	 1325805
2827	 867055
2828	 88817
2829	 88819
2830	 1415923
2831	 1334005
2832	 1661683
2833	 2693876
2834	 1809144
2835	 88826
2836	 1334011
2837	 1547005
2838	 2169599
2839	 867074
2840	 88843
2841	 88847
2842	 2145040
2843	 88849
2844	 916242
2845	 88852
2846	 88853
2847	 170774
2848	 1719067
2849	 1137436
2850	 88864
2851	 88865
2852	 1137444
2853	 88869
2854	 97063
2855	 88872
2856	 1866537
2857	 1055530
2858	 2489131
2859	 1563443
2860	 187192
2861	 1637177
2862	 2202427
2863	 1809213
2864	 2415424
2865	 1194820
2866	 88901
2867	 88904
2868	 850764
2869	 88909
2870	 88908
2871	 1268559
2872	 1137488
2873	 2538319
2874	 88915
2875	 113493
2876	 2931542
2877	 2423639
2878	 88921
2879	 88922
2880	 179035
2881	 88924
2882	 1817433
2883	 88926
2884	 1301344
2885	 1538912
2886	 269154
2887	 1325923
2888	 1375082
2889	 383852
2890	 1604461
2891	 1940334
2892	 1801072
2893	 2104178
2894	 1719156
2895	 2562940
2896	 1325950
2897	 88959
2898	 1334142
2899	 1489792
2900	 88964
2901	 88969
2902	 1334159
2903	 2349967
2904	 1579919
2905	 2571156
2906	 1366933
2907	 88982
2908	 1342364
2909	 88993
2910	 859044
2911	 89001
2912	 89014
2913	 2128823
2914	 89016
2915	 252858
2916	 2317242
2917	 1334204
2918	 1416124
2919	 89022
2920	 1219520
2921	 89025
2922	 2489282
2923	 162755
2924	 89032
2925	 89033
2926	 89034
2927	 1432523
2928	 1596363
2929	 89038
2930	 1326032
2931	 2800595
2932	 1792980
2933	 867285
2934	 2890707
2935	 89049
2936	 89050
2937	 1850332
2938	 1711075
2939	 2014186
2940	 89069
2941	 89071
2942	 1522672
2943	 932849
2944	 1473522
2945	 89075
2946	 2702319
2947	 2825203
2948	 89078
2949	 89080
2950	 2128889
2951	 891896
2952	 1801211
2953	 1743868
2954	 343037
2955	 2071550
2956	 1965055
2957	 89089
2958	 1416202
2959	 89102
2960	 1539087
2961	 89111
2962	 1195041
2963	 89122
2964	 474146
2965	 2636833
2966	 89126
2967	 1571882
2968	 1727532
2969	 1334321
2970	 1621042
2971	 1408053
2972	 89141
2973	 285751
2974	 1539128
2975	 2325564
2976	 89149
2977	 1956925
2978	 1793089
2979	 2341954
2980	 89164
2981	 1375309
2982	 1965139
2983	 89175
2984	 1932377
2985	 1375323
2986	 1350750
2987	 908382
2988	 1932382
2989	 1244257
2990	 1391713
2991	 1989730
2992	 2276450
2993	 2014309
2994	 2382951
2995	 1563753
2996	 851049
2997	 941169
2998	 892020
2999	 89204
3000	 1334389
3001	 523386
3002	 2079866
3003	 1375356
3004	 1203336
3005	 2153613
3006	 89230
3007	 1621135
3008	 425105
3009	 1326226
3010	 2669713
3011	 1088660
3012	 89238
3013	 498839
3014	 89242
3015	 2579612
3016	 89247
3017	 89248
3018	 89251
3019	 89252
3020	 1023142
3021	 1490087
3022	 2104486
3023	 2243751
3024	 2350249
3025	 2596011
3026	 89260
3027	 1088685
3028	 1612973
3029	 89263
3030	 1064111
3031	 1506480
3032	 89257
3033	 89267
3034	 1334454
3035	 89272
3036	 1334457
3037	 89281
3038	 89283
3039	 1178819
3040	 89285
3041	 1817802
3042	 89294
3043	 89295
3044	 2923726
3045	 1539287
3046	 89306
3047	 1924314
3048	 2145501
3049	 89313
3050	 1334499
3051	 720101
3052	 875751
3053	 1105133
3054	 1146094
3055	 89327
3056	 89329
3057	 1400054
3058	 1768695
3059	 2284791
3060	 785659
3061	 89340
3062	 2055419
3063	 89345
3064	 2104577
3065	 89347
3066	 89349
3067	 1629449
3068	 89356
3069	 89357
3070	 89358
3071	 277775
3072	 2293005
3073	 531728
3074	 89362
3075	 1522963
3076	 2342162
3077	 556309
3078	 89366
3079	 2030872
3080	 1678617
3081	 711962
3082	 89371
3083	 1858842
3084	 1072413
3085	 1375519
3086	 884000
3087	 990498
3088	 89380
3089	 1449252
3090	 1400103
3091	 89384
3092	 89385
3093	 1080618
3094	 261419
3095	 1891623
3096	 2792747
3097	 2915627
3098	 89391
3099	 949553
3100	 1850678
3101	 2178366
3102	 2424132
3103	 89413
3104	 1703238
3105	 89416
3106	 1899848
3107	 89418
3108	 2874696
3109	 89421
3110	 1949008
3111	 89432
3112	 1080666
3113	 1572189
3114	 89437
3115	 89439
3116	 1187172
3117	 818536
3118	 89448
3119	 1572200
3120	 2030957
3121	 1408367
3122	 1203567
3123	 89462
3124	 1178999
3125	 1334649
3126	 2514298
3127	 1924477
3128	 1932669
3129	 1932672
3130	 1006980
3131	 89477
3132	 89479
3133	 1260939
3134	 89483
3135	 728461
3136	 2399634
3137	 2391447
3138	 89496
3139	 89504
3140	 1916321
3141	 2235808
3142	 89509
3143	 1883564
3144	 1260973
3145	 1154478
3146	 2768303
3147	 89520
3148	 89521
3149	 1686961
3150	 2473392
3151	 1310133
3152	 2465206
3153	 1359289
3154	 89531
3155	 1326532
3156	 89542
3157	 1261001
3158	 89550
3159	 1351118
3160	 89553
3161	 744914
3162	 982483
3163	 2170332
3164	 933342
3165	 2055648
3166	 1342955
3167	 89581
3168	 1392109
3169	 89585
3170	 89588
3171	 1334773
3172	 89591
3173	 89595
3174	 2629121
3175	 89605
3176	 753158
3177	 89608
3178	 89609
3179	 2317837
3180	 1318415
3181	 1187344
3182	 1261073
3183	 1064466
3184	 89619
3185	 89617
3186	 89618
3187	 2694676
3188	 1187353
3189	 548378
3190	 1539612
3191	 1941020
3192	 89635
3193	 1318435
3194	 2129444
3195	 2096678
3196	 2801190
3197	 89640
3198	 89641
3199	 1359402
3200	 89648
3201	 818738
3202	 1564211
3203	 89653
3204	 89657
3205	 1769020
3206	 89662
3207	 89663
3208	 89664
3209	 2244161
3210	 2399809
3211	 1556037
3212	 2113093
3213	 89671
3214	 2227784
3215	 1146441
3216	 2899530
3217	 1973836
3218	 1326675
3219	 2711127
3220	 1261151
3221	 1359462
3222	 89704
3223	 1097322
3224	 89707
3225	 2104939
3226	 89709
3227	 2276970
3228	 89711
3229	 2489965
3230	 1400436
3231	 1179254
3232	 89719
3233	 2399863
3234	 89725
3235	 1851007
3236	 2498177
3237	 1908355
3238	 89732
3239	 1351302
3240	 89736
3241	 89737
3242	 310921
3243	 89741
3244	 1457805
3245	 1531535
3246	 2424467
3247	 474773
3248	 1760924
3249	 1441439
3250	 89761
3251	 89764
3252	 515749
3253	 89765
3254	 89767
3255	 1162925
3256	 1089203
3257	 89780
3258	 2719412
3259	 89784
3260	 89790
3261	 89792
3262	 1187521
3263	 687810
3264	 1343174
3265	 843463
3266	 884425
3267	 89802
3268	 89804
3269	 1343182
3270	 597715
3271	 89813
3272	 2236118
3273	 2645717
3274	 89817
3275	 1556193
3276	 3006178
3277	 1253091
3278	 1261284
3279	 1916643
3280	 2031331
3281	 89831
3282	 2146036
3283	 2399993
3284	 89851
3285	 2785021
3286	 89854
3287	 1187585
3288	 89859
3289	 876293
3290	 89861
3291	 1990408
3292	 89865
3293	 89866
3294	 2170636
3295	 89871
3296	 1122064
3297	 1867535
3298	 89875
3299	 1605397
3300	 89879
3301	 769815
3302	 89881
3303	 2260765
3304	 89887
3305	 2055968
3306	 89889
3307	 1187619
3308	 2293540
3309	 1457958
3310	 2367279
3311	 89904
3312	 2195252
3313	 89909
3314	 89911
3315	 1589055
3316	 1949505
3317	 393033
3318	 89931
3319	 89933
3320	 89934
3321	 89935
3322	 130896
3323	 2031441
3324	 1458002
3325	 2727763
3326	 89943
3327	 89945
3328	 89946
3329	 1490780
3330	 1466206
3331	 1949540
3332	 89965
3333	 89970
3334	 1253237
3335	 89975
3336	 89979
3337	 89981
3338	 89982
3339	 1294209
3340	 589700
3341	 89990
3342	 89993
3343	 89997
3344	 1400721
3345	 556946
3346	 1417108
3347	 1441688
3348	 90009
3349	 2138012
3350	 90018
3351	 1318820
3352	 1154981
3353	 90023
3354	 1073070
3355	 1400754
3356	 90036
3357	 90040
3358	 2424761
3359	 286651
3360	 1064892
3361	 90045
3362	 90047
3363	 90048
3364	 1761222
3365	 1687494
3366	 1253327
3367	 1957840
3368	 1261523
3369	 933844
3370	 90069
3371	 90071
3372	 1679322
3373	 90081
3374	 1015778
3375	 90085
3376	 1122278
3377	 90086
3378	 1834982
3379	 1368049
3380	 90098
3381	 2047986
3382	 2719729
3383	 1941493
3384	 843768
3385	 90105
3386	 90106
3387	 1318906
3388	 90108
3389	 2154491
3390	 2351102
3391	 2113535
